22.70
16.45
17.74
21.64
16.45
21.79
16.66
17.45
22.90
16.33
20.85
16.92
17.60
23.08
16.48
19.53
18.86
16.77
23.20
16.60
18.62
20.18
16.51
22.61
16.72
17.65
21.79
16.36
21.82
16.45
17.62
22.73
16.57
20.79
17.01
17.51
23.20
16.51
19.44
18.83
16.89
23.08
16.51
18.42
20.29
16.57
22.73
16.54
17.71
21.91
16.42
21.52
16.57
17.51
23.14
16.28
20.53
17.42
17.39
23.17
16.60
19.21
19.03
16.77
23.08
16.60
18.27
20.41
16.60
22.52
16.63
17.65
22.08
16.42
21.52
16.48
17.51
22.79
16.39
20.32
17.71
17.10
23.17
16.48
18.97
19.24
16.72
23.08
16.48
18.04
21.00
16.45
22.38
16.54
17.74
22.11
16.36
21.14
16.66
17.42
22.96
16.39
20.18
17.89
17.24
23.23
16.42
18.89
19.50
16.60
23.02
16.48
18.15
21.29
16.45
22.23
16.54
17.51
22.52
16.28
21.11
16.60
17.54
22.90
16.54
20.12
17.95
17.18
23.23
16.39
18.74
19.62
16.57
23.05
16.60
17.95
21.50
16.19
22.17
16.57
17.62
22.40
16.39
20.94
16.80
17.45
23.11
16.28
20.00
18.30
16.89
23.05
16.42
18.56
20.03
16.48
22.73
16.45
17.74
21.55
16.48
21.73
16.54
17.42
22.82
16.33
20.85
16.86
17.45
23.14
16.39
19.27
18.94
16.63
23.17
16.51
18.39
20.41
16.39
22.43
16.57
17.62
22.05
16.30
21.38
16.42
17.39
22.96
16.42
20.29
17.57
17.16
23.14
16.42
18.97
19.12
16.74
23.02
16.60
18.09
21.03
16.33
22.38
16.57
17.68
22.08
16.36
21.06
16.66
17.51
23.08
16.45
20.12
18.12
17.16
23.11
16.48
18.68
19.74
16.57
23.05
16.51
17.92
21.35
16.28
21.96
16.54
17.45
22.38
16.39
21.14
16.66
17.45
23.02
16.42
19.85
18.48
16.77
23.17
16.39
18.59
20.12
16.48
22.61
16.54
17.62
21.85
16.39
21.73
16.51
17.54
22.73
16.51
20.47
17.13
17.30
23.14
16.42
19.33
18.86
16.72
23.11
16.57
18.06
20.56
16.39
22.38
16.42
17.60
22.17
16.36
21.17
16.48
17.33
23.05
16.42
20.12
17.95
17.04
23.14
16.57
18.68
19.71
16.36
22.79
16.51
17.89
21.52
16.30
21.85
16.45
17.36
22.67
16.33
20.85
16.57
17.57
23.05
16.36
19.44
18.77
16.66
23.14
16.45
18.30
20.12
16.54
22.52
16.51
17.57
21.96
16.28
21.44
16.45
17.48
22.70
16.28
20.18
17.54
17.10
23.02
16.30
18.94
19.24
16.69
22.90
16.42
17.80
20.91
16.36
22.23
16.48
17.48
22.17
16.45
20.97
16.63
17.39
22.96
16.28
19.77
18.15
16.89
22.99
16.39
18.48
20.03
16.33
22.64
16.36
17.74
21.70
16.28
21.38
16.48
17.27
22.70
16.36
20.59
17.21
17.10
23.02
16.39
18.97
19.15
16.42
22.99
16.33
17.83
21.00
16.33
22.08
16.48
17.30
22.32
16.19
20.91
16.48
17.45
22.84
16.30
19.74
18.33
16.86
22.93
16.30
18.30
19.88
16.42
22.55
16.39
17.51
21.64
16.01
21.41
16.42
17.21
22.61
16.36
20.23
17.24
16.92
22.96
16.25
18.91
19.12
16.60
22.87
16.51
17.86
21.23
16.13
21.96
16.33
17.51
22.20
16.22
20.79
16.60
17.27
22.90
16.10
19.79
18.15
16.80
22.96
16.30
18.21
20.03
16.25
22.35
16.16
17.62
21.70
16.30
21.23
16.51
17.33
22.70
16.16
19.97
17.51
16.98
23.02
16.19
18.56
19.47
16.39
22.93
16.33
17.65
21.14
16.19
21.64
16.30
17.33
22.43
16.19
20.65
16.63
17.36
22.82
16.30
19.03
18.77
16.39
22.93
16.30
18.09
20.29
16.07
22.08
16.30
17.33
21.88
16.10
20.94
16.33
17.24
22.58
16.30
19.82
17.83
16.63
22.99
16.16
18.36
19.74
16.28
22.43
16.25
17.39
21.58
15.98
21.41
16.13
17.16
22.61
16.19
20.12
17.33
16.83
22.99
16.16
18.62
19.15
16.22
22.67
16.28
17.65
21.32
16.16
21.82
16.22
17.10
22.23
16.01
20.47
16.63
17.07
22.76
16.01
19.12
18.53
16.42
22.67
16.25
17.74
20.35
15.95
22.05
16.07
17.18
21.79
16.10
20.76
16.22
17.10
22.82
16.16
19.56
17.95
16.60
22.73
16.16
18.09
19.77
16.19
22.32
16.19
17.48
21.52
16.04
21.06
16.25
17.16
22.55
15.98
20.00
17.60
16.72
22.73
16.19
18.36
19.53
16.22
22.58
16.01
17.39
21.38
15.98
21.35
16.22
16.92
22.43
15.89
19.97
17.10
16.95
22.76
16.10
18.53
19.06
16.07
22.67
16.10
17.65
21.06
16.07
21.41
16.22
17.04
22.32
15.87
20.35
16.72
16.89
22.64
16.04
18.62
18.89
16.16
22.73
16.01
17.71
20.65
15.98
21.55
16.16
17.01
22.11
15.89
20.59
16.33
17.07
22.52
16.04
19.06
18.27
16.13
22.76
15.87
17.80
20.18
16.01
21.91
16.10
17.10
21.96
15.84
20.59
16.19
16.98
22.55
16.01
19.09
18.15
16.45
22.70
15.92
17.89
19.71
15.87
22.14
16.07
17.18
21.61
15.87
20.79
15.95
16.92
22.35
15.95
19.41
17.62
16.36
22.55
15.98
17.98
19.62
15.98
22.05
15.92
17.13
21.29
15.66
20.88
15.89
16.74
22.38
15.84
19.53
17.33
16.30
22.46
15.63
18.09
19.12
15.75
21.99
15.84
16.98
21.06
15.48
20.97
15.66
16.72
21.91
15.51
19.41
16.77
16.13
22.14
15.45
17.83
18.39
15.40
21.73
15.19
16.45
20.12
14.75
20.21
14.84
15.57
20.70
14.34
18.30
14.87
14.81
20.59
13.75
16.19
16.07
13.52
19.77
12.99
14.28
17.21
12.23
17.92
12.17
12.99
17.71
11.47
15.63
11.58
11.88
17.51
10.65
13.46
12.64
10.53
16.69
9.91
11.47
13.31
9.12
15.31
8.94
9.91
14.08
8.21
13.26
8.27
8.89
14.22
7.45
11.38
8.15
7.77
13.61
6.66
9.12
9.09
6.39
12.67
5.98
7.45
9.53
5.40
11.32
5.19
6.07
10.38
4.46
9.82
4.34
5.13
10.56
3.93
7.98
4.49
4.66
10.23
3.28
6.28
5.22
3.46
9.56
2.93
4.66
6.42
2.49
9.00
2.23
3.70
7.27
1.88
7.57
1.96
2.82
7.98
1.47
6.19
1.70
2.32
7.83
1.29
4.78
2.73
1.67
7.86
0.85
3.49
3.96
0.91
7.57
0.65
2.29
5.04
0.50
6.89
0.65
1.88
6.28
0.53
5.81
0.65
1.47
7.16
0.53
4.99
0.85
1.73
7.36
0.50
4.16
2.58
1.09
7.62
0.67
2.90
3.96
0.85
7.39
0.67
2.17
5.45
0.50
6.69
0.62
1.91
6.60
0.73
5.98
0.94
1.76
7.33
0.70
5.19
1.17
1.76
7.54
0.91
4.02
2.96
1.29
7.92
0.85
3.26
4.37
0.94
7.65
1.09
2.49
6.07
0.88
6.89
1.00
2.26
6.92
0.88
6.01
1.09
1.85
7.71
0.91
5.25
1.94
2.08
7.86
1.06
4.13
3.67
1.35
8.12
0.97
3.34
4.99
1.26
7.74
1.20
2.61
6.48
1.06
6.95
1.35
2.17
7.27
1.11
6.04
1.41
2.26
7.74
1.14
5.34
2.08
2.11
8.15
1.32
4.22
3.58
1.61
8.27
1.14
3.61
5.01
1.35
7.86
1.35
2.84
6.36
1.20
7.24
1.38
2.55
7.07
1.32
6.54
1.47
2.35
7.92
1.26
5.78
1.91
2.35
8.24
1.29
4.93
3.34
1.96
8.33
1.38
3.75
4.69
1.47
8.18
1.55
2.99
6.07
1.47
7.62
1.50
2.82
6.98
1.35
6.80
1.70
2.32
8.01
1.47
6.07
1.85
2.49
8.27
1.52
5.19
3.23
2.26
8.45
1.50
4.28
4.49
1.96
8.36
1.76
3.28
5.57
1.61
7.89
1.79
2.96
7.01
1.61
7.24
1.82
2.73
7.95
1.52
6.36
1.70
2.70
8.21
1.70
5.63
2.93
2.32
8.56
1.61
4.75
4.02
2.08
8.48
1.73
3.87
5.54
1.70
8.39
1.85
3.23
6.80
1.61
7.71
1.88
2.90
7.54
1.52
7.01
1.91
2.76
8.06
1.82
6.19
2.17
2.79
8.56
1.61
5.34
3.46
2.46
8.74
1.76
4.19
4.96
1.94
8.56
1.70
3.75
5.81
1.94
8.12
2.02
3.17
7.16
1.67
7.60
1.88
3.14
7.80
1.76
6.80
2.17
2.96
8.45
1.67
6.19
2.61
3.02
8.74
2.02
5.13
3.96
2.29
8.86
1.94
4.31
5.16
1.96
8.68
2.02
3.61
6.28
1.82
8.21
2.08
3.26
7.42
1.88
7.33
2.20
3.05
8.27
1.79
6.72
2.08
2.99
8.59
1.88
5.78
3.37
2.73
8.86
1.91
4.96
4.69
2.38
8.80
2.02
4.11
5.84
2.02
8.77
2.11
3.49
7.13
2.02
8.01
2.20
3.28
7.89
1.88
7.36
2.20
3.14
8.59
2.02
6.54
2.55
3.14
8.89
2.05
5.72
3.70
2.79
9.00
2.26
4.57
5.10
2.35
8.97
2.23
4.08
5.95
2.32
8.56
2.23
3.40
7.45
2.05
7.86
2.38
3.43
8.06
2.02
7.16
2.43
3.17
8.59
2.05
6.48
2.61
3.28
8.89
2.14
5.60
4.08
2.70
9.09
2.17
4.78
5.28
2.49
8.94
2.32
3.87
6.36
2.17
8.53
2.26
3.72
7.57
2.26
7.71
2.40
3.40
8.50
1.99
7.01
2.49
3.31
8.89
2.29
6.25
3.26
3.17
9.12
2.26
5.28
4.69
2.70
9.21
2.43
4.37
5.84
2.40
9.06
2.32
3.96
7.18
2.26
8.36
2.40
3.58
8.12
2.08
7.57
2.32
3.31
8.68
2.26
6.63
2.73
3.37
9.03
2.29
6.10
3.99
3.11
9.27
2.40
4.96
5.37
2.52
9.27
2.29
4.37
6.22
2.46
8.77
2.55
3.67
7.86
2.35
8.01
2.55
3.40
8.53
2.35
7.16
2.67
3.37
9.12
2.23
6.33
3.40
3.40
9.30
2.43
5.43
5.04
2.76
9.33
2.35
4.60
6.10
2.49
9.00
2.64
4.02
7.54
2.40
8.42
2.55
3.78
8.21
2.46
7.60
2.76
3.34
9.03
2.35
6.80
2.96
3.52
9.30
2.52
5.95
4.57
2.96
9.44
2.58
4.93
5.75
2.70
9.21
2.61
4.13
7.13
2.43
8.68
2.58
3.72
8.12
2.35
7.74
2.82
3.52
8.94
2.49
7.10
2.96
3.70
9.15
2.58
6.13
4.28
3.28
9.33
2.67
5.10
5.51
2.79
9.38
2.64
4.31
6.66
2.49
8.89
2.79
3.93
8.04
2.38
8.09
2.79
3.61
8.91
2.46
7.33
2.87
3.81
9.15
2.49
6.51
3.96
3.37
9.44
2.52
5.48
5.01
3.05
9.33
2.70
4.75
6.39
2.70
9.33
2.70
4.16
7.71
2.61
8.45
2.70
3.84
8.53
2.61
7.80
2.84
3.72
9.24
2.64
6.92
3.37
3.72
9.47
2.70
5.95
4.75
3.26
9.53
2.82
5.01
6.19
2.64
9.44
2.61
4.25
7.30
2.67
8.80
2.84
3.87
8.42
2.58
8.06
2.82
3.72
9.03
2.73
7.21
3.17
3.75
9.56
2.64
6.39
4.22
3.46
9.59
2.76
5.28
5.66
2.87
9.53
2.76
4.69
6.63
2.76
9.03
2.82
4.08
8.21
2.58
8.36
2.93
3.78
8.91
2.70
7.51
2.90
3.84
9.27
2.64
6.77
3.81
3.61
9.59
2.82
5.54
5.34
3.11
9.65
2.84
4.96
6.36
2.79
9.33
2.90
4.34
7.68
2.70
8.83
2.76
3.93
8.53
2.58
7.86
2.96
3.87
9.15
2.64
7.24
3.28
4.05
9.59
2.76
6.25
4.87
3.34
9.65
2.82
5.28
6.04
3.14
9.50
2.84
4.52
7.13
2.76
9.12
2.96
4.22
8.30
2.76
8.27
3.08
3.90
9.15
2.67
7.60
2.93
3.93
9.41
2.93
6.72
4.13
3.64
9.82
2.93
5.60
5.37
3.34
9.74
2.93
4.99
6.74
2.76
9.56
2.90
4.52
7.98
2.82
8.68
3.08
4.08
8.89
2.76
7.98
3.02
3.93
9.35
2.90
7.30
3.49
3.93
9.68
2.87
6.45
4.72
3.58
9.62
2.90
5.43
6.13
3.05
9.65
2.82
4.78
6.86
2.82
9.18
3.05
4.13
8.33
2.87
8.50
2.99
3.96
9.12
2.90
7.74
3.31
3.84
9.65
2.82
6.98
4.16
3.72
9.77
3.11
5.84
5.40
3.20
9.88
2.93
5.22
6.63
3.05
9.56
3.11
4.49
7.98
2.82
8.86
3.05
4.28
8.59
3.02
7.95
3.17
4.05
9.33
2.99
7.39
3.43
4.02
9.56
2.90
6.42
4.87
3.67
9.94
2.96
5.60
6.10
3.28
9.79
3.14
4.75
7.07
3.05
9.38
3.05
4.43
8.24
2.93
8.56
3.08
4.13
9.12
3.02
7.71
3.17
4.13
9.68
3.14
6.89
4.22
3.75
9.85
2.99
5.98
5.28
3.37
9.77
3.20
5.25
6.72
3.08
9.82
3.05
4.60
7.95
3.02
8.91
3.17
4.25
8.86
3.02
8.30
3.14
4.11
9.44
3.05
7.27
3.64
4.16
9.94
2.93
6.51
4.99
3.61
9.85
3.11
5.51
6.25
3.20
9.85
3.05
4.75
7.30
3.08
9.15
3.23
4.37
8.56
2.93
8.50
3.20
4.19
9.30
3.11
7.77
3.49
3.99
9.82
3.11
6.89
4.49
3.90
9.88
3.11
5.87
5.84
3.34
9.94
3.20
5.13
6.74
3.14
9.53
3.28
4.49
8.30
2.90
8.94
3.20
4.43
8.91
3.05
8.06
3.31
4.08
9.65
3.20
7.24
3.93
4.13
9.77
3.31
6.30
5.28
3.58
10.09
3.23
5.37
6.51
3.34
9.85
3.28
4.75
7.92
3.05
9.27
3.23
4.52
8.89
3.20
8.30
3.37
4.13
9.68
3.17
7.54
3.61
4.19
9.91
3.26
6.77
4.90
3.87
10.00
3.28
5.66
6.19
3.49
9.88
3.23
4.78
7.60
3.11
9.50
3.20
4.55
8.62
3.26
8.45
3.49
4.16
9.53
2.99
7.92
3.58
4.28
9.82
3.34
7.04
4.78
4.02
9.97
3.28
5.92
5.98
3.49
9.97
3.43
5.13
7.10
3.17
9.65
3.20
4.72
8.36
3.11
9.03
3.49
4.49
9.30
2.99
8.27
3.28
4.43
9.79
3.26
7.39
4.02
4.19
9.97
3.26
6.54
5.43
3.81
10.12
3.26
5.45
6.89
3.34
9.94
3.37
4.93
8.01
3.26
9.21
3.43
4.57
8.97
3.17
8.42
3.40
4.34
9.65
3.34
7.77
3.64
4.34
10.15
3.37
6.83
5.04
4.02
10.09
3.37
5.72
6.63
3.55
10.09
3.26
5.01
7.68
3.37
9.38
3.49
4.55
9.06
3.17
8.62
3.34
4.31
9.59
3.34
7.89
3.78
4.34
10.15
3.31
6.98
5.07
4.16
10.21
3.43
5.78
6.48
3.43
10.18
3.31
5.22
7.54
3.37
9.41
3.58
4.69
8.97
3.11
8.62
3.61
4.55
9.65
3.28
8.06
3.64
4.43
10.09
3.34
6.98
4.96
4.28
10.18
3.46
5.78
6.51
3.61
10.23
3.52
5.22
7.33
3.58
9.53
3.52
4.69
8.77
3.28
8.94
3.52
4.52
9.47
3.34
8.18
3.72
4.43
10.09
3.49
7.24
4.90
4.28
10.23
3.37
5.92
6.25
3.81
10.35
3.58
5.40
7.18
3.46
9.77
3.70
4.84
8.65
3.26
9.24
3.58
4.49
9.44
3.40
8.36
3.78
4.49
10.12
3.43
7.54
4.60
4.40
10.32
3.67
6.30
6.01
3.99
10.23
3.61
5.63
7.36
3.61
10.03
3.75
4.96
8.80
3.37
9.35
3.72
4.69
9.38
3.52
8.48
3.81
4.63
10.09
3.49
7.51
4.46
4.52
10.26
3.72
6.60
5.95
3.81
10.32
3.58
5.75
7.21
3.78
10.09
3.75
5.01
8.68
3.46
9.56
3.75
4.84
9.44
3.43
8.59
3.84
4.63
10.06
3.67
7.95
4.08
4.72
10.26
3.64
6.83
5.66
3.99
10.47
3.70
5.92
6.92
3.75
10.26
3.84
5.28
8.24
3.49
9.77
3.61
4.99
9.33
3.58
8.68
3.93
4.60
10.06
3.67
7.98
3.96
4.75
10.29
3.78
7.13
5.51
4.34
10.59
3.75
6.10
6.83
3.87
10.35
3.67
5.43
8.12
3.70
9.85
3.84
5.07
9.24
3.64
8.97
3.81
4.57
10.00
3.52
8.15
3.99
4.78
10.41
3.78
7.24
5.48
4.31
10.56
3.70
6.33
6.80
3.99
10.56
3.84
5.51
7.89
3.70
9.91
3.87
5.01
9.24
3.75
9.21
3.99
4.84
9.94
3.72
8.62
4.05
5.01
10.44
4.02
7.51
5.22
4.66
10.85
3.99
6.77
6.74
4.40
10.73
4.16
6.04
7.95
4.11
10.59
4.19
5.66
9.53
4.28
9.88
4.69
5.48
10.70
4.57
9.38
4.99
5.95
11.50
5.25
8.91
6.60
6.16
12.46
5.81
8.65
8.59
6.60
13.11
6.57
8.42
10.62
7.01
13.43
7.33
8.65
12.90
7.77
13.28
8.21
9.03
14.43
8.33
13.31
8.91
10.00
15.57
9.38
12.82
11.38
10.32
16.69
10.06
12.38
14.05
10.76
17.16
11.00
12.38
16.51
11.38
17.01
11.94
12.96
18.21
12.35
16.66
13.08
13.78
19.74
13.20
16.33
15.81
14.05
20.47
14.11
16.01
18.21
14.49
20.91
14.81
16.28
20.73
15.22
20.59
15.95
16.74
22.52
15.98
20.21
17.77
17.51
23.46
17.10
19.71
20.26
17.54
24.16
17.74
19.47
22.58
18.09
24.11
18.56
19.56
24.63
18.86
23.78
19.30
20.44
25.87
19.38
23.26
21.38
20.47
26.66
20.12
22.64
23.40
20.56
26.86
20.70
21.96
25.78
20.76
26.39
21.09
22.17
27.04
21.06
25.60
21.58
22.20
27.71
21.23
24.69
23.31
21.96
28.09
21.50
23.37
24.99
21.47
27.68
21.44
22.87
26.66
21.35
26.69
21.67
22.43
27.68
21.35
25.60
22.29
22.35
28.12
21.61
24.13
24.28
21.85
28.24
21.55
23.43
25.66
21.52
27.30
21.67
22.67
27.18
21.47
26.42
21.73
22.64
27.83
21.67
25.22
23.02
22.20
28.39
21.52
23.90
24.63
21.79
28.01
21.61
23.05
26.60
21.44
27.07
21.61
22.58
27.54
21.50
26.01
21.73
22.55
28.06
21.61
24.87
23.46
22.08
28.06
21.64
23.55
25.19
21.55
27.80
21.44
22.76
26.63
21.55
26.63
21.64
22.43
27.77
21.38
25.69
22.14
22.55
28.15
21.44
24.16
23.93
21.58
28.09
21.55
23.26
25.51
21.44
27.48
21.67
22.40
27.01
21.26
26.22
21.50
22.49
27.83
21.20
25.31
22.70
22.08
28.12
21.47
23.90
24.34
21.52
27.89
21.44
22.90
26.28
21.32
26.80
21.35
22.38
27.18
21.32
25.92
21.67
22.32
28.01
21.38
24.69
23.28
21.76
27.92
21.32
23.28
25.07
21.41
27.45
21.35
22.70
26.54
21.20
26.39
21.52
22.38
27.65
21.29
25.34
22.32
22.20
27.83
21.29
23.84
24.22
21.38
27.77
21.26
22.76
25.92
21.29
27.04
21.50
22.32
27.18
21.20
26.04
21.41
22.38
27.80
21.14
24.69
23.08
21.82
27.92
21.26
23.46
24.66
21.41
27.48
21.38
22.40
26.42
21.11
26.39
21.29
22.29
27.48
21.23
25.31
21.96
21.99
27.83
21.23
23.93
23.84
21.32
27.60
21.26
22.79
25.25
21.06
27.04
21.17
22.29
26.77
21.00
25.92
21.14
22.14
27.60
21.06
24.75
22.70
21.91
27.60
21.00
23.26
24.52
21.20
27.60
21.06
22.55
26.07
21.00
26.36
21.17
22.02
27.16
20.94
25.43
21.38
22.17
27.48
20.91
23.99
23.28
21.38
27.77
21.06
22.82
24.60
21.14
26.98
21.00
22.11
26.63
20.88
25.87
21.11
22.08
27.27
21.03
24.69
22.35
21.47
27.65
20.97
23.31
24.08
21.03
27.21
20.91
22.26
26.01
20.73
26.42
20.85
21.88
26.89
20.79
25.28
21.23
21.82
27.54
20.79
23.93
22.96
21.20
27.51
20.79
22.64
24.69
20.85
26.80
20.97
22.17
26.36
20.70
25.72
21.03
21.76
27.10
20.65
24.52
22.11
21.52
27.39
20.73
23.05
23.96
20.73
27.36
20.85
22.20
25.66
20.76
26.28
20.76
21.70
26.86
20.65
25.16
21.00
21.76
27.30
20.76
23.78
22.87
21.03
27.30
20.62
22.61
24.31
20.62
26.69
20.85
21.85
26.13
20.38
25.54
20.79
21.61
27.07
20.62
24.34
21.91
21.23
27.18
20.62
22.90
23.52
20.88
27.04
20.53
21.94
25.63
20.44
26.01
20.56
21.58
26.57
20.50
24.87
20.97
21.44
27.16
20.50
23.46
22.99
20.88
27.10
20.56
22.20
24.34
20.38
26.42
20.56
21.61
25.95
20.47
25.25
20.56
21.29
26.92
20.44
23.87
21.99
20.94
26.89
20.47
22.26
23.90
20.15
26.60
20.29
21.52
25.45
20.09
25.34
20.21
20.94
26.48
19.91
23.90
20.97
20.67
26.48
19.85
22.32
22.49
19.68
26.22
19.59
21.03
24.11
19.18
24.66
19.21
19.97
24.96
18.71
23.14
18.86
19.47
24.87
18.06
20.79
20.12
18.01
24.16
17.24
18.89
21.06
17.04
22.70
16.72
17.57
22.23
15.92
20.79
15.89
16.63
22.02
15.40
18.77
16.69
15.28
21.29
14.46
16.54
17.77
14.11
20.03
13.78
14.52
18.74
13.08
18.06
12.90
13.58
18.62
12.14
15.87
13.17
12.35
18.30
11.14
13.34
14.11
10.94
16.98
10.44
11.50
15.04
9.65
15.10
9.56
10.41
15.25
9.00
13.11
9.03
9.33
14.87
7.92
11.03
10.00
7.89
14.13
7.36
9.09
10.67
6.74
12.84
6.57
7.60
11.41
6.04
11.14
5.81
6.48
11.85
5.16
9.33
5.48
5.78
11.29
4.52
7.24
6.48
4.49
10.76
3.75
5.84
7.33
3.55
9.74
3.55
4.60
8.42
2.99
8.62
3.17
3.96
9.15
2.93
7.57
3.14
3.78
9.47
2.73
6.54
4.25
3.46
9.59
2.76
5.13
5.84
2.87
9.44
2.70
4.43
7.24
2.64
8.74
2.73
3.81
8.53
2.49
7.74
2.82
3.72
9.21
2.73
6.86
3.52
3.64
9.50
2.64
5.69
5.19
3.02
9.38
2.93
4.78
6.57
2.67
9.24
2.87
4.08
8.12
2.70
8.21
2.84
3.78
9.00
2.64
7.39
3.08
3.93
9.44
2.90
6.39
4.69
3.37
9.68
2.73
5.28
6.04
3.08
9.41
2.87
4.49
7.77
2.67
8.91
2.93
3.90
8.80
2.87
7.92
3.17
3.87
9.56
2.76
7.04
3.96
3.81
9.65
3.05
5.75
5.54
3.28
9.82
3.05
4.81
6.74
2.90
9.09
3.20
4.19
8.45
2.76
8.48
3.08
3.93
9.27
2.87
7.45
3.43
3.99
9.65
2.96
6.39
4.90
3.70
9.88
2.90
5.31
6.45
3.02
9.77
3.17
4.69
7.89
2.96
8.94
3.20
4.25
9.06
2.93
7.98
3.14
4.13
9.62
3.14
6.92
4.05
3.96
10.00
3.05
5.81
5.69
3.43
9.82
3.11
4.99
6.98
3.17
9.44
3.17
4.43
8.50
3.05
8.39
3.28
4.11
9.30
2.90
7.65
3.37
4.31
9.85
3.17
6.72
5.01
3.67
9.91
3.23
5.51
6.39
3.23
9.82
3.26
4.78
8.01
2.90
9.12
3.11
4.40
9.06
3.11
8.12
3.34
4.08
9.77
3.14
7.24
4.19
4.08
9.91
3.23
5.98
5.69
3.40
10.03
3.17
5.22
6.92
3.26
9.47
3.40
4.55
8.65
3.20
8.71
3.23
4.37
9.53
3.20
7.74
3.58
4.34
9.94
3.14
6.83
4.84
3.81
9.94
3.23
5.57
6.42
3.43
10.09
3.26
4.90
7.98
3.11
9.06
3.31
4.43
8.97
3.11
8.39
3.43
4.43
9.71
3.37
7.36
4.13
4.16
10.06
3.28
6.30
5.57
3.61
10.03
3.46
5.19
7.07
3.31
9.71
3.34
4.57
8.59
3.17
8.89
3.34
4.34
9.50
3.20
8.01
3.52
4.37
9.79
3.31
7.01
4.90
3.99
10.18
3.28
5.81
6.36
3.43
9.94
3.49
5.04
7.68
3.23
9.33
3.34
4.43
8.97
3.31
8.39
3.52
4.28
9.88
3.28
7.65
3.93
4.25
9.97
3.34
6.33
5.54
3.70
10.21
3.40
5.43
7.04
3.40
9.68
3.52
4.75
8.62
3.28
9.00
3.43
4.55
9.50
3.34
8.01
3.70
4.28
10.00
3.23
7.16
5.01
4.11
10.15
3.28
5.75
6.51
3.46
10.18
3.37
5.07
8.18
3.40
9.35
3.52
4.43
9.18
3.23
8.45
3.61
4.52
9.94
3.31
7.48
4.13
4.16
10.21
3.34
6.30
5.72
3.78
10.15
3.43
5.34
7.16
3.40
9.91
3.55
4.81
8.74
3.34
8.80
3.58
4.43
9.41
3.37
8.18
3.64
4.49
10.03
3.43
7.10
4.96
4.05
10.32
3.43
5.87
6.39
3.70
10.23
3.49
5.13
8.12
3.31
9.47
3.58
4.75
9.27
3.28
8.48
3.64
4.34
10.06
3.40
7.65
4.34
4.25
10.21
3.61
6.25
6.04
3.70
10.29
3.43
5.43
7.30
3.46
9.68
3.61
4.75
8.91
3.46
8.83
3.67
4.66
9.77
3.43
7.92
3.90
4.46
10.23
3.52
7.04
5.19
4.11
10.26
3.58
5.72
6.77
3.58
10.23
3.64
5.01
8.21
3.43
9.30
3.70
4.63
9.35
3.43
8.65
3.64
4.55
10.03
3.43
7.57
4.43
4.37
10.32
3.52
6.48
6.07
3.87
10.32
3.61
5.34
7.30
3.49
9.85
3.58
4.81
8.86
3.46
9.06
3.70
4.66
9.85
3.52
8.18
3.84
4.66
10.03
3.58
7.13
5.25
4.19
10.32
3.55
6.04
6.66
3.75
10.35
3.61
5.16
8.09
3.37
9.71
3.55
4.72
9.21
3.64
8.74
3.67
4.52
10.12
3.58
7.83
4.28
4.63
10.29
3.43
6.63
5.89
4.02
10.41
3.58
5.69
7.16
3.67
10.12
3.78
5.04
8.80
3.52
9.30
3.78
4.72
9.65
3.55
8.36
3.81
4.57
10.18
3.61
7.45
4.87
4.34
10.32
3.49
6.16
6.39
3.93
10.38
3.72
5.48
7.48
3.72
9.77
3.81
4.87
9.06
3.55
9.18
3.70
4.75
9.88
3.58
8.21
3.84
4.60
10.32
3.55
7.33
5.25
4.43
10.44
3.67
6.01
6.63
3.87
10.47
3.64
5.31
7.92
3.67
9.59
3.78
4.78
9.12
3.58
8.86
3.75
4.55
9.88
3.70
8.04
4.02
4.75
10.32
3.58
7.16
5.40
4.25
10.44
3.75
5.84
6.98
3.75
10.29
3.70
5.16
8.30
3.58
9.56
3.72
4.81
9.41
3.46
8.80
3.78
4.81
10.12
3.75
7.86
4.34
4.72
10.35
3.64
6.83
5.81
4.05
10.41
3.75
5.78
7.42
3.70
10.15
3.78
5.22
8.62
3.67
9.33
3.87
4.78
9.68
3.67
8.62
3.70
4.72
10.06
3.72
7.68
4.69
4.52
10.53
3.64
6.42
6.01
4.13
10.47
3.78
5.75
7.51
3.75
10.21
3.78
5.10
8.97
3.58
9.24
3.87
4.63
9.74
3.49
8.48
3.87
4.78
10.21
3.78
7.39
5.07
4.55
10.59
3.70
6.25
6.42
4.02
10.56
3.87
5.45
7.80
3.84
10.00
3.96
5.16
9.12
3.58
9.12
3.93
4.78
10.09
3.67
8.21
4.02
4.84
10.41
3.72
7.07
5.57
4.37
10.56
3.75
6.07
6.92
3.84
10.29
3.84
5.37
8.59
3.75
9.74
3.87
5.04
9.38
3.70
8.80
4.05
4.72
10.09
3.58
8.09
4.22
4.87
10.44
3.78
6.95
5.84
4.28
10.62
3.67
5.89
7.18
3.90
10.41
3.99
5.28
8.80
3.75
9.65
3.96
5.01
9.68
3.64
8.77
4.08
4.72
10.38
3.70
7.86
4.72
4.69
10.59
3.90
6.63
6.30
4.08
10.62
3.81
5.84
7.48
3.81
10.18
3.93
5.16
9.15
3.64
9.35
3.81
4.90
9.82
3.75
8.59
4.02
4.81
10.35
3.72
7.60
5.13
4.63
10.53
3.99
6.48
6.57
4.05
10.70
3.84
5.60
7.71
3.84
10.15
3.99
5.04
9.24
3.58
9.33
3.90
4.90
10.06
3.81
8.33
4.25
4.84
10.41
3.67
7.39
5.63
4.43
10.59
3.96
6.25
6.95
3.99
10.65
3.81
5.57
8.45
3.90
9.74
4.02
5.04
9.62
3.70
8.80
3.90
4.90
10.06
3.75
8.04
4.52
4.93
10.47
3.75
7.16
5.89
4.22
10.65
4.02
6.07
7.36
3.87
10.50
3.87
5.43
8.80
3.84
9.65
3.84
5.04
9.85
3.64
8.68
3.99
4.93
10.26
3.64
7.80
5.10
4.63
10.67
3.90
6.48
6.57
4.31
10.50
3.96
5.69
7.77
3.90
10.23
4.05
5.22
9.27
3.81
9.21
4.13
4.75
10.09
3.67
8.45
4.16
4.96
10.50
3.87
7.36
5.87
4.46
10.79
3.87
6.07
7.27
4.05
10.47
3.93
5.25
8.91
3.75
9.79
4.08
5.10
9.82
3.75
8.74
4.11
4.78
10.50
3.84
7.83
5.10
4.69
10.73
3.93
6.42
6.69
4.11
10.56
3.96
5.60
8.06
3.75
10.06
3.99
5.19
9.41
3.67
9.21
4.08
5.01
10.32
3.90
8.01
4.55
4.93
10.62
3.75
7.04
6.10
4.46
10.62
4.08
5.98
7.65
3.93
10.35
3.99
5.25
9.24
3.87
9.41
4.13
4.93
10.03
3.90
8.45
4.08
4.93
10.65
4.08
7.48
5.72
4.52
10.79
3.99
6.25
7.18
3.96
10.47
4.05
5.34
9.03
3.87
9.65
4.02
5.07
9.88
3.81
8.71
4.25
4.90
10.47
3.96
7.80
5.34
4.69
10.76
4.08
6.30
6.98
4.16
10.79
4.08
5.63
8.39
3.90
10.03
4.08
5.04
9.71
3.93
8.89
3.96
5.07
10.41
3.99
7.77
5.13
4.78
10.76
3.90
6.60
6.66
4.31
10.65
3.96
5.72
8.27
3.87
10.12
4.11
5.22
9.62
3.96
8.94
4.05
4.93
10.56
3.96
7.98
4.99
4.93
10.70
4.11
6.66
6.74
4.34
10.79
4.08
5.84
8.01
3.96
10.18
4.22
5.13
9.50
3.84
9.15
4.16
4.87
10.41
3.84
8.09
4.78
4.96
10.76
4.08
6.98
6.33
4.40
10.70
4.19
5.75
7.86
4.05
10.26
4.08
5.40
9.44
3.96
9.06
4.11
4.96
10.44
3.99
8.36
4.55
4.99
10.76
3.96
6.95
6.42
4.37
10.91
4.11
5.92
7.68
4.05
10.09
4.05
5.31
9.50
3.93
9.21
4.05
5.13
10.26
3.99
8.30
4.81
4.93
10.70
3.99
6.98
6.42
4.31
10.65
4.13
5.89
7.86
3.90
10.35
4.08
5.22
9.50
3.90
9.27
4.22
4.96
10.26
3.96
8.33
4.63
5.04
10.73
4.16
7.07
6.45
4.25
10.85
4.13
6.13
7.77
4.02
10.41
4.02
5.37
9.27
3.96
9.41
4.16
4.99
10.29
4.08
8.45
4.55
4.99
10.82
4.02
7.30
6.25
4.55
10.85
4.16
6.07
7.86
4.11
10.59
4.08
5.51
9.41
4.08
9.44
4.31
5.04
10.44
4.08
8.65
4.31
5.19
10.70
4.22
7.36
6.04
4.60
10.91
4.16
6.22
7.60
4.28
10.53
4.28
5.40
9.30
4.05
9.71
4.11
5.13
10.12
4.05
8.62
4.43
5.01
10.82
4.08
7.68
6.04
4.60
10.79
4.22
6.30
7.48
4.25
10.76
4.22
5.69
9.30
4.08
9.79
4.34
5.16
10.23
4.16
8.80
4.31
5.31
10.70
4.02
7.86
5.75
4.81
11.00
4.05
6.63
7.24
4.43
10.88
4.19
5.72
8.86
3.99
10.18
4.22
5.40
10.03
4.13
9.06
4.43
5.13
10.76
4.25
8.12
5.34
5.07
10.85
4.37
6.63
7.16
4.43
11.09
4.22
5.95
8.27
4.25
10.32
4.31
5.40
9.68
4.08
9.44
4.34
5.28
10.53
4.34
8.45
4.96
5.34
10.97
4.13
7.30
6.45
4.72
11.03
4.37
6.28
8.21
4.22
10.82
4.37
5.78
9.65
4.31
9.88
4.57
5.40
10.47
4.40
9.00
4.78
5.54
11.17
4.57
8.15
6.39
5.16
11.32
4.69
7.04
8.04
5.10
11.64
4.90
6.57
9.97
5.07
11.23
5.57
6.72
11.47
5.60
10.47
6.19
6.98
12.64
6.10
10.23
7.83
7.24
13.40
7.01
9.41
10.23
7.36
14.08
7.65
9.35
12.38
7.83
13.96
8.30
9.59
14.34
8.45
13.72
8.97
10.21
15.69
9.35
13.37
11.06
10.56
16.74
10.18
12.79
13.61
10.82
17.27
11.14
12.64
16.42
11.38
17.16
11.96
13.05
18.33
12.38
16.98
13.08
14.11
19.88
13.40
16.54
16.04
14.22
20.53
14.46
16.25
18.59
14.75
21.14
15.22
16.63
21.20
15.57
20.76
16.28
17.24
22.90
16.39
20.53
18.36
17.80
24.05
17.57
20.00
21.00
18.06
24.81
18.33
20.06
23.75
18.89
24.46
19.38
20.56
25.63
19.71
24.40
20.62
21.32
26.89
20.62
23.49
23.17
21.17
27.62
21.20
23.02
25.40
21.47
27.39
21.73
22.79
27.24
21.73
26.57
21.94
22.84
28.15
21.88
25.48
23.49
22.64
28.68
22.05
24.46
25.43
22.17
28.59
22.23
23.40
27.18
22.17
27.65
22.26
23.34
28.30
22.23
26.48
22.73
23.28
28.83
22.23
25.25
24.81
22.49
28.80
22.38
23.87
26.51
22.20
28.09
22.32
23.49
27.95
22.23
27.07
22.40
23.17
28.65
22.17
25.72
23.90
23.05
28.86
22.35
24.43
25.69
22.40
28.62
22.32
23.70
27.39
22.29
27.51
22.40
23.43
28.48
22.23
26.36
22.93
23.05
28.89
22.20
24.93
24.84
22.46
28.86
22.23
23.93
26.54
22.26
27.86
22.38
23.40
27.98
22.08
26.89
22.38
23.17
28.80
22.29
25.63
24.16
22.64
28.80
22.08
24.28
25.75
22.20
28.42
22.20
23.55
27.30
22.05
27.36
22.17
23.17
28.33
22.14
26.01
23.08
22.93
28.77
22.11
24.63
24.90
22.46
28.71
22.20
23.67
26.83
21.99
27.86
22.23
23.23
28.06
22.02
26.66
22.32
23.08
28.62
22.08
25.45
24.08
22.61
28.56
22.20
23.93
25.78
22.11
28.27
22.20
23.28
27.45
21.96
27.04
22.17
23.05
28.30
22.11
25.92
23.20
22.87
28.50
22.17
24.28
25.16
22.23
28.53
22.08
23.52
27.07
21.88
27.54
22.29
22.90
28.18
21.88
26.45
22.26
23.05
28.45
21.96
25.22
24.02
22.49
28.59
22.02
23.87
25.63
22.02
27.92
22.11
23.14
27.48
21.94
26.86
22.14
23.02
28.36
21.91
25.72
23.26
22.67
28.77
21.88
24.46
25.04
22.23
28.33
22.05
23.43
26.89
21.82
27.48
21.91
22.90
27.86
21.82
26.19
22.29
23.02
28.48
21.96
25.04
24.13
22.20
28.62
22.05
23.72
25.66
21.91
27.95
21.76
23.08
27.33
21.76
26.83
22.14
22.73
28.12
21.79
25.69
23.11
22.70
28.42
21.82
24.13
24.81
21.96
28.48
21.73
23.34
26.57
21.64
27.30
22.05
23.02
27.83
21.79
26.45
21.99
22.96
28.33
21.94
25.16
23.90
22.17
28.42
21.82
23.99
25.34
21.99
28.04
21.94
23.05
26.98
21.64
27.10
21.91
22.70
27.92
21.94
25.98
22.11
22.79
28.33
21.91
24.63
24.02
22.11
28.30
21.94
23.46
25.57
21.58
27.89
21.88
22.93
27.27
21.73
26.69
21.99
22.70
28.12
21.64
25.66
22.61
22.49
28.33
21.82
24.11
24.52
21.88
28.39
21.76
23.28
26.10
21.67
27.60
21.70
22.87
27.45
21.47
26.48
21.76
22.79
28.06
21.64
25.31
23.26
22.40
28.30
21.61
24.16
24.78
21.85
28.18
21.79
23.11
26.60
21.52
27.16
21.61
22.76
27.57
21.58
26.16
21.96
22.64
28.18
21.61
25.13
23.55
22.11
28.12
21.70
23.67
24.93
21.64
27.98
21.55
22.99
26.72
21.52
26.98
21.70
22.67
27.57
21.47
25.95
21.76
22.67
28.18
21.52
24.60
23.67
21.88
28.12
21.55
23.61
25.19
21.52
27.71
21.67
22.87
26.80
21.44
26.72
21.55
22.55
27.80
21.52
25.57
22.08
22.61
28.15
21.47
24.52
23.78
21.96
28.09
21.61
23.40
25.25
21.58
27.57
21.64
22.67
26.77
21.47
26.51
21.79
22.49
27.86
21.38
25.48
22.38
22.40
28.04
21.35
24.22
24.02
21.55
28.18
21.44
23.20
25.60
21.58
27.30
21.55
22.61
27.13
21.23
26.33
21.44
22.40
27.83
21.38
25.10
22.76
22.17
28.04
21.50
23.72
24.46
21.52
27.98
21.41
22.96
26.22
21.20
27.10
21.47
22.64
27.18
21.38
26.13
21.58
22.38
27.92
21.35
24.87
22.99
21.96
28.01
21.35
23.67
24.63
21.50
27.80
21.47
22.70
26.25
21.38
26.98
21.38
22.38
27.42
21.20
25.69
21.64
22.29
27.89
21.41
24.63
23.11
21.85
27.89
21.29
23.43
24.90
21.41
27.65
21.47
22.64
26.28
21.29
26.63
21.32
22.43
27.48
21.29
25.37
21.85
22.29
27.92
21.23
24.37
23.31
21.47
27.89
21.17
23.11
25.07
21.32
27.33
21.29
22.43
26.51
21.00
26.48
21.35
22.29
27.48
21.20
25.37
21.96
22.20
27.86
21.29
23.84
23.93
21.44
27.83
21.32
22.93
25.22
21.09
27.01
21.29
22.38
26.95
21.11
26.13
21.23
22.26
27.51
21.17
24.96
22.32
21.96
27.71
21.06
23.64
24.11
21.38
27.74
21.26
22.52
25.89
20.91
26.89
21.14
22.35
27.10
21.09
25.66
21.29
22.20
27.65
21.03
24.72
22.82
21.67
27.68
21.14
23.28
24.46
21.20
27.54
21.20
22.46
26.04
20.97
26.72
21.23
22.17
27.10
21.06
25.63
21.20
22.02
27.57
21.06
24.34
23.02
21.50
27.71
21.03
23.17
24.52
21.11
27.24
21.03
22.40
26.04
21.00
26.39
21.11
22.08
27.18
20.97
25.37
21.32
21.99
27.51
21.00
24.40
22.90
21.32
27.62
21.09
22.99
24.60
21.09
27.27
21.11
22.38
26.19
20.97
25.92
21.23
21.94
27.33
20.76
25.16
21.58
21.82
27.51
20.94
23.64
23.55
21.11
27.62
20.82
22.90
24.75
20.91
26.80
21.06
22.14
26.48
20.82
25.95
21.11
21.94
27.21
20.91
24.78
22.26
21.64
27.65
20.97
23.28
23.78
21.06
27.57
21.06
22.38
25.60
20.70
26.89
20.91
22.08
26.74
20.79
25.48
21.09
21.96
27.27
20.82
24.55
22.40
21.44
27.42
21.03
23.11
24.11
21.03